40_NonTADlike_alpha_100_set5	0.1	121.7327516677152	0.477	0.503
40_NonTADlike_alpha_100_set5	0.2	117.80891338837691	0.492	0.52
40_NonTADlike_alpha_100_set5	0.3	117.83719976294913	0.487	0.515
40_NonTADlike_alpha_100_set5	0.4	118.14088396167212	0.482	0.51
40_NonTADlike_alpha_100_set5	0.5	118.20120779719333	0.481	0.51
40_NonTADlike_alpha_100_set5	0.6	117.64672959456067	0.487	0.517
40_NonTADlike_alpha_100_set5	0.7	119.0990150210939	0.482	0.51
40_NonTADlike_alpha_100_set5	0.8	122.95200091892603	0.472	0.495
40_NonTADlike_alpha_100_set5	0.9	123.34095364373447	0.456	0.478
40_NonTADlike_alpha_100_set5	1.0	122.11530259749169	0.453	0.473
40_NonTADlike_alpha_100_set5	1.1	122.24610864584892	0.449	0.466
40_NonTADlike_alpha_100_set5	1.2	123.12385496716635	0.439	0.452
40_NonTADlike_alpha_100_set5	1.3	123.55966051360622	0.439	0.449
40_NonTADlike_alpha_100_set5	1.4	124.7928947705875	0.433	0.44
40_NonTADlike_alpha_100_set5	1.5	125.34393599056361	0.427	0.43
40_NonTADlike_alpha_100_set5	1.6	133.7896968655809	0.376	0.376
40_NonTADlike_alpha_100_set5	1.7	132.35433626555923	0.37	0.362
40_NonTADlike_alpha_100_set5	1.8	133.91622709908387	0.36	0.351
40_NonTADlike_alpha_100_set5	1.9	136.09066398374907	0.348	0.338
40_NonTADlike_alpha_100_set5	2.0	138.04904444942449	0.342	0.331

